232 82 150 21 -153 152 252 -54 9 -9 -158 154 -197 -87 -129 
-150 -60 -36 1 46 -142 -219 0 -69 -8 84 -143 -54 33 104 
411 182 233 30 -215 319 500 -71 64 -29 -240 317 -181 -163 -265 
142 43 -5 -12 -21 154 235 23 101 27 -76 155 140 -9 -102 
234 84 129 16 -130 166 269 -40 32 -10 -148 168 -131 -82 -142 
-54 -44 -24 0 20 -79 -118 2 -38 -21 39 -80 -36 24 36 
-67 -15 -15 2 25 -60 -98 -2 -33 -15 49 -63 -10 9 40 
75 33 1 -6 -17 96 148 10 61 30 -52 98 79 -7 -48 
-52 -16 -9 2 18 -52 -82 -2 -28 -12 35 -53 -21 7 32 
28 15 -1 -1 -7 34 51 2 19 6 -14 33 31 -4 -19 
-58 -54 -63 -10 42 -61 -91 22 -3 2 37 -60 51 50 38 
89 39 49 3 -53 96 155 -9 38 36 -77 99 -24 -35 -45 
-116 -43 -29 0 34 -103 -157 1 -46 3 59 -102 -35 24 83 
20 -3 2 -1 -8 11 20 1 6 1 -13 11 -4 0 -11 
41 13 -3 -5 -6 55 85 10 39 21 -28 56 51 -4 -27 
